room_0
-0.729394000,-1.227360000,0.937749000,3.916872520,2.240000000,7.290964290,0.002312870,0.000000000,-0.999997330,0.000000000,1.000000000,0.000000000,0.999997330,0.000000000,0.002312870,0.100000000,90.000000000,90.000000000
-0.729394000,-1.227360000,0.937749000,-180.000000000,-90.000000000,-1.583505392
-0.729394000,-1.227360000,0.937749000,-180.000000000,0.000000000,-0.275036603
-0.729394000,-1.227360000,0.937749000,-180.000000000,90.000000000,-0.333989054
-0.729394000,-1.227360000,0.937749000,-90.000000000,-90.000000000,-1.698288679
-0.729394000,-1.227360000,0.937749000,-90.000000000,0.000000000,-1.192988634
-0.729394000,-1.227360000,0.937749000,-90.000000000,90.000000000,-0.016621668
-0.729394000,-1.227360000,0.937749000,0.000000000,-90.000000000,-2.297658920
-0.729394000,-1.227360000,0.937749000,0.000000000,0.000000000,-0.779998064
-0.729394000,-1.227360000,0.937749000,0.000000000,90.000000000,-0.418181449
-0.729394000,-1.227360000,0.937749000,90.000000000,-90.000000000,-2.447199583
-0.729394000,-1.227360000,0.937749000,90.000000000,0.000000000,-1.993067741
-0.729394000,-1.227360000,0.937749000,90.000000000,90.000000000,-1.385597467
-0.629394267,-1.227360000,0.937980287,-180.000000000,-90.000000000,-2.409139395
-0.629394267,-1.227360000,0.937980287,-180.000000000,0.000000000,-2.218644142
-0.629394267,-1.227360000,0.937980287,-180.000000000,90.000000000,-2.108069658
-0.629394267,-1.227360000,0.937980287,-90.000000000,-90.000000000,-2.565559626
-0.629394267,-1.227360000,0.937980287,-90.000000000,0.000000000,-2.060767651
-0.629394267,-1.227360000,0.937980287,-90.000000000,90.000000000,-1.288205147
-0.629394267,-1.227360000,0.937980287,0.000000000,-90.000000000,-2.196794748
-0.629394267,-1.227360000,0.937980287,0.000000000,0.000000000,-1.436565042
-0.629394267,-1.227360000,0.937980287,0.000000000,90.000000000,-1.030064225
-0.629394267,-1.227360000,0.937980287,90.000000000,-90.000000000,-1.919111133
-0.629394267,-1.227360000,0.937980287,90.000000000,0.000000000,-2.105308056
-0.629394267,-1.227360000,0.937980287,90.000000000,90.000000000,-1.300030231
-0.529394534,-1.227360000,0.938211574,-180.000000000,-90.000000000,-2.606984854
-0.529394534,-1.227360000,0.938211574,-180.000000000,0.000000000,-2.298854828
-0.529394534,-1.227360000,0.938211574,-180.000000000,90.000000000,-0.972592294
-0.529394534,-1.227360000,0.938211574,-90.000000000,-90.000000000,-2.360749960
-0.529394534,-1.227360000,0.938211574,-90.000000000,0.000000000,-2.179792643
-0.529394534,-1.227360000,0.938211574,-90.000000000,90.000000000,-1.257507205
-0.529394534,-1.227360000,0.938211574,0.000000000,-90.000000000,-1.869817019
-0.529394534,-1.227360000,0.938211574,0.000000000,0.000000000,-0.805148721
-0.529394534,-1.227360000,0.938211574,0.000000000,90.000000000,-1.003023863
-0.529394534,-1.227360000,0.938211574,90.000000000,-90.000000000,-2.004749298
-0.529394534,-1.227360000,0.938211574,90.000000000,0.000000000,-2.185623407
-0.529394534,-1.227360000,0.938211574,90.000000000,90.000000000,-0.746532917
-0.429394801,-1.227360000,0.938442861,-180.000000000,-90.000000000,-1.969304204
-0.429394801,-1.227360000,0.938442861,-180.000000000,0.000000000,-2.255018711
-0.429394801,-1.227360000,0.938442861,-180.000000000,90.000000000,-1.769248247
-0.429394801,-1.227360000,0.938442861,-90.000000000,-90.000000000,-2.460153818
-0.429394801,-1.227360000,0.938442861,-90.000000000,0.000000000,-1.991636276
-0.429394801,-1.227360000,0.938442861,-90.000000000,90.000000000,-1.296565056
-0.429394801,-1.227360000,0.938442861,0.000000000,-90.000000000,-2.175262690
-0.429394801,-1.227360000,0.938442861,0.000000000,0.000000000,-1.132555008
-0.429394801,-1.227360000,0.938442861,0.000000000,90.000000000,-1.044265509
-0.429394801,-1.227360000,0.938442861,90.000000000,-90.000000000,-1.749902248
-0.429394801,-1.227360000,0.938442861,90.000000000,0.000000000,-2.190500498
-0.429394801,-1.227360000,0.938442861,90.000000000,90.000000000,-1.209471703
-0.329395068,-1.227360000,0.938674148,-180.000000000,-90.000000000,-2.534922838
-0.329395068,-1.227360000,0.938674148,-180.000000000,0.000000000,-2.265847206
-0.329395068,-1.227360000,0.938674148,-180.000000000,90.000000000,-1.134469509
-0.329395068,-1.227360000,0.938674148,-90.000000000,-90.000000000,-2.279275179
-0.329395068,-1.227360000,0.938674148,-90.000000000,0.000000000,-2.495112658
-0.329395068,-1.227360000,0.938674148,-90.000000000,90.000000000,-1.145795941
-0.329395068,-1.227360000,0.938674148,0.000000000,-90.000000000,-1.854910970
-0.329395068,-1.227360000,0.938674148,0.000000000,0.000000000,-0.817138493
-0.329395068,-1.227360000,0.938674148,0.000000000,90.000000000,-1.025197387
-0.329395068,-1.227360000,0.938674148,90.000000000,-90.000000000,-2.245042086
-0.329395068,-1.227360000,0.938674148,90.000000000,0.000000000,-2.571598291
-0.329395068,-1.227360000,0.938674148,90.000000000,90.000000000,-0.620159805
-0.229395335,-1.227360000,0.938905435,-180.000000000,-90.000000000,-1.701070309
-0.229395335,-1.227360000,0.938905435,-180.000000000,0.000000000,-2.371670723
-0.229395335,-1.227360000,0.938905435,-180.000000000,90.000000000,-1.691213608
-0.229395335,-1.227360000,0.938905435,-90.000000000,-90.000000000,-2.472151041
-0.229395335,-1.227360000,0.938905435,-90.000000000,0.000000000,-1.770754814
-0.229395335,-1.227360000,0.938905435,-90.000000000,90.000000000,-1.106778741
-0.229395335,-1.227360000,0.938905435,0.000000000,-90.000000000,-2.353849649
-0.229395335,-1.227360000,0.938905435,0.000000000,0.000000000,-1.023101449
-0.229395335,-1.227360000,0.938905435,0.000000000,90.000000000,-0.985291362
-0.229395335,-1.227360000,0.938905435,90.000000000,-90.000000000,-2.012609243
-0.229395335,-1.227360000,0.938905435,90.000000000,0.000000000,-2.186748981
-0.229395335,-1.227360000,0.938905435,90.000000000,90.000000000,-0.956620514
-0.129395602,-1.227360000,0.939136722,-180.000000000,-90.000000000,-2.514580250
-0.129395602,-1.227360000,0.939136722,-180.000000000,0.000000000,-2.302649498
-0.129395602,-1.227360000,0.939136722,-180.000000000,90.000000000,-0.872269094
-0.129395602,-1.227360000,0.939136722,-90.000000000,-90.000000000,-2.174986601
-0.129395602,-1.227360000,0.939136722,-90.000000000,0.000000000,-2.511903048
-0.129395602,-1.227360000,0.939136722,-90.000000000,90.000000000,-1.067922592
-0.129395602,-1.227360000,0.939136722,0.000000000,-90.000000000,-1.952562571
-0.129395602,-1.227360000,0.939136722,0.000000000,0.000000000,-0.009725373
-0.129395602,-1.227360000,0.939136722,0.000000000,90.000000000,-0.884057939
-0.129395602,-1.227360000,0.939136722,90.000000000,-90.000000000,-2.258026838
-0.129395602,-1.227360000,0.939136722,90.000000000,0.000000000,-2.580607891
-0.129395602,-1.227360000,0.939136722,90.000000000,90.000000000,-0.556369245
-0.029395869,-1.227360000,0.939368009,-180.000000000,-90.000000000,-1.650792599
-0.029395869,-1.227360000,0.939368009,-180.000000000,0.000000000,-2.035088778
-0.029395869,-1.227360000,0.939368009,-180.000000000,90.000000000,-1.442918420
-0.029395869,-1.227360000,0.939368009,-90.000000000,-90.000000000,-2.509893417
-0.029395869,-1.227360000,0.939368009,-90.000000000,0.000000000,-1.370913982
-0.029395869,-1.227360000,0.939368009,-90.000000000,90.000000000,-0.940235674
-0.029395869,-1.227360000,0.939368009,0.000000000,-90.000000000,-2.322011709
-0.029395869,-1.227360000,0.939368009,0.000000000,0.000000000,-0.624379754
-0.029395869,-1.227360000,0.939368009,0.000000000,90.000000000,-0.788092077
-0.029395869,-1.227360000,0.939368009,90.000000000,-90.000000000,-2.013833284
-0.029395869,-1.227360000,0.939368009,90.000000000,0.000000000,-2.117838144
-0.029395869,-1.227360000,0.939368009,90.000000000,90.000000000,-0.841204941
0.070603864,-1.227360000,0.939599296,-180.000000000,-90.000000000,-2.540459633
0.070603864,-1.227360000,0.939599296,-180.000000000,0.000000000,-2.348642588
0.070603864,-1.227360000,0.939599296,-180.000000000,90.000000000,-0.675898850
0.070603864,-1.227360000,0.939599296,-90.000000000,-90.000000000,-2.213476181
0.070603864,-1.227360000,0.939599296,-90.000000000,0.000000000,-2.548694849
0.070603864,-1.227360000,0.939599296,-90.000000000,90.000000000,-1.170228720
0.070603864,-1.227360000,0.939599296,0.000000000,-90.000000000,-2.135992527
0.070603864,-1.227360000,0.939599296,0.000000000,0.000000000,-0.161822468
0.070603864,-1.227360000,0.939599296,0.000000000,90.000000000,-1.174042106
0.070603864,-1.227360000,0.939599296,90.000000000,-90.000000000,-2.267194986
0.070603864,-1.227360000,0.939599296,90.000000000,0.000000000,-2.598253489
0.070603864,-1.227360000,0.939599296,90.000000000,90.000000000,-0.450137764
0.170603597,-1.227360000,0.939830583,-180.000000000,-90.000000000,-1.805912852
0.170603597,-1.227360000,0.939830583,-180.000000000,0.000000000,-1.671426773
0.170603597,-1.227360000,0.939830583,-180.000000000,90.000000000,-1.199065566
0.170603597,-1.227360000,0.939830583,-90.000000000,-90.000000000,-2.594265938
0.170603597,-1.227360000,0.939830583,-90.000000000,0.000000000,-1.078205109
0.170603597,-1.227360000,0.939830583,-90.000000000,90.000000000,-0.770043194
0.170603597,-1.227360000,0.939830583,0.000000000,-90.000000000,-1.962542653
0.170603597,-1.227360000,0.939830583,0.000000000,0.000000000,-0.410332412
0.170603597,-1.227360000,0.939830583,0.000000000,90.000000000,-0.806175470
0.170603597,-1.227360000,0.939830583,90.000000000,-90.000000000,-2.182307243
0.170603597,-1.227360000,0.939830583,90.000000000,0.000000000,-2.061505795
0.170603597,-1.227360000,0.939830583,90.000000000,90.000000000,-0.751510918
0.270603330,-1.227360000,0.940061870,-180.000000000,-90.000000000,-2.527033567
0.270603330,-1.227360000,0.940061870,-180.000000000,0.000000000,-2.177840233
0.270603330,-1.227360000,0.940061870,-180.000000000,90.000000000,-0.499021620
0.270603330,-1.227360000,0.940061870,-90.000000000,-90.000000000,-1.716368198
0.270603330,-1.227360000,0.940061870,-90.000000000,0.000000000,-2.320329428
0.270603330,-1.227360000,0.940061870,-90.000000000,90.000000000,-0.865759671
0.270603330,-1.227360000,0.940061870,0.000000000,-90.000000000,-2.288278341
0.270603330,-1.227360000,0.940061870,0.000000000,0.000000000,-0.317201078
0.270603330,-1.227360000,0.940061870,0.000000000,90.000000000,-0.870905221
0.270603330,-1.227360000,0.940061870,90.000000000,-90.000000000,-2.115377665
0.270603330,-1.227360000,0.940061870,90.000000000,0.000000000,-2.148081541
0.270603330,-1.227360000,0.940061870,90.000000000,90.000000000,-0.572427869
0.370603063,-1.227360000,0.940293157,-180.000000000,-90.000000000,-2.016150713
0.370603063,-1.227360000,0.940293157,-180.000000000,0.000000000,-1.446617603
0.370603063,-1.227360000,0.940293157,-180.000000000,90.000000000,-1.158225060
0.370603063,-1.227360000,0.940293157,-90.000000000,-90.000000000,-2.584565878
0.370603063,-1.227360000,0.940293157,-90.000000000,0.000000000,-1.596241713
0.370603063,-1.227360000,0.940293157,-90.000000000,90.000000000,-0.543352962
0.370603063,-1.227360000,0.940293157,0.000000000,-90.000000000,-2.014386892
0.370603063,-1.227360000,0.940293157,0.000000000,0.000000000,-0.640369296
0.370603063,-1.227360000,0.940293157,0.000000000,90.000000000,-0.968185484
0.370603063,-1.227360000,0.940293157,90.000000000,-90.000000000,-2.291189909
0.370603063,-1.227360000,0.940293157,90.000000000,0.000000000,-2.033599377
0.370603063,-1.227360000,0.940293157,90.000000000,90.000000000,-0.426544577
0.470602796,-1.227360000,0.940524444,-180.000000000,-90.000000000,-2.450512171
0.470602796,-1.227360000,0.940524444,-180.000000000,0.000000000,-1.886186123
0.470602796,-1.227360000,0.940524444,-180.000000000,90.000000000,-1.112136960
0.470602796,-1.227360000,0.940524444,-90.000000000,-90.000000000,-2.221839666
0.470602796,-1.227360000,0.940524444,-90.000000000,0.000000000,-1.856187344
0.470602796,-1.227360000,0.940524444,-90.000000000,90.000000000,-0.735088527
0.470602796,-1.227360000,0.940524444,0.000000000,-90.000000000,-2.420916557
0.470602796,-1.227360000,0.940524444,0.000000000,0.000000000,-0.116343819
0.470602796,-1.227360000,0.940524444,0.000000000,90.000000000,-0.645705104
0.470602796,-1.227360000,0.940524444,90.000000000,-90.000000000,-1.951723099
0.470602796,-1.227360000,0.940524444,90.000000000,0.000000000,-1.953843355
0.470602796,-1.227360000,0.940524444,90.000000000,90.000000000,-0.678429544
0.570602529,-1.227360000,0.940755731,-180.000000000,-90.000000000,-1.970085979
0.570602529,-1.227360000,0.940755731,-180.000000000,0.000000000,-1.768940926
0.570602529,-1.227360000,0.940755731,-180.000000000,90.000000000,-0.976783812
0.570602529,-1.227360000,0.940755731,-90.000000000,-90.000000000,-2.469390392
0.570602529,-1.227360000,0.940755731,-90.000000000,0.000000000,-1.238379598
0.570602529,-1.227360000,0.940755731,-90.000000000,90.000000000,-0.163047642
0.570602529,-1.227360000,0.940755731,0.000000000,-90.000000000,-2.102703571
0.570602529,-1.227360000,0.940755731,0.000000000,0.000000000,-0.739935994
0.570602529,-1.227360000,0.940755731,0.000000000,90.000000000,-1.104474425
0.570602529,-1.227360000,0.940755731,90.000000000,-90.000000000,-2.471621752
0.570602529,-1.227360000,0.940755731,90.000000000,0.000000000,-1.526403666
0.570602529,-1.227360000,0.940755731,90.000000000,90.000000000,0.344387919
0.670602262,-1.227360000,0.940987018,-180.000000000,-90.000000000,-2.229094744
0.670602262,-1.227360000,0.940987018,-180.000000000,0.000000000,-1.666752458
0.670602262,-1.227360000,0.940987018,-180.000000000,90.000000000,-1.065984607
0.670602262,-1.227360000,0.940987018,-90.000000000,-90.000000000,-2.108365059
0.670602262,-1.227360000,0.940987018,-90.000000000,0.000000000,-2.049525499
0.670602262,-1.227360000,0.940987018,-90.000000000,90.000000000,-0.515485644
0.670602262,-1.227360000,0.940987018,0.000000000,-90.000000000,-2.603335619
0.670602262,-1.227360000,0.940987018,0.000000000,0.000000000,-0.435614973
0.670602262,-1.227360000,0.940987018,0.000000000,90.000000000,-0.792708337
0.670602262,-1.227360000,0.940987018,90.000000000,-90.000000000,-2.119154453
0.670602262,-1.227360000,0.940987018,90.000000000,0.000000000,-2.076846361
0.670602262,-1.227360000,0.940987018,90.000000000,90.000000000,-0.467244208
0.770601995,-1.227360000,0.941218305,-180.000000000,-90.000000000,-2.005316019
0.770601995,-1.227360000,0.941218305,-180.000000000,0.000000000,-2.029771328
0.770601995,-1.227360000,0.941218305,-180.000000000,90.000000000,-0.703700483
0.770601995,-1.227360000,0.941218305,-90.000000000,-90.000000000,-2.405549288
0.770601995,-1.227360000,0.941218305,-90.000000000,0.000000000,-1.761550665
0.770601995,-1.227360000,0.941218305,-90.000000000,90.000000000,-0.665171921
0.770601995,-1.227360000,0.941218305,0.000000000,-90.000000000,-2.239444971
0.770601995,-1.227360000,0.941218305,0.000000000,0.000000000,-1.001014352
0.770601995,-1.227360000,0.941218305,0.000000000,90.000000000,-1.199285746
0.770601995,-1.227360000,0.941218305,90.000000000,-90.000000000,-2.572066545
0.770601995,-1.227360000,0.941218305,90.000000000,0.000000000,-1.475204229
0.770601995,-1.227360000,0.941218305,90.000000000,90.000000000,-0.423500568
0.870601728,-1.227360000,0.941449592,-180.000000000,-90.000000000,-2.188317776
0.870601728,-1.227360000,0.941449592,-180.000000000,0.000000000,-1.903257966
0.870601728,-1.227360000,0.941449592,-180.000000000,90.000000000,-1.274487019
0.870601728,-1.227360000,0.941449592,-90.000000000,-90.000000000,-2.199138165
0.870601728,-1.227360000,0.941449592,-90.000000000,0.000000000,-2.311420918
0.870601728,-1.227360000,0.941449592,-90.000000000,90.000000000,-0.079785429
0.870601728,-1.227360000,0.941449592,0.000000000,-90.000000000,-2.549912453
0.870601728,-1.227360000,0.941449592,0.000000000,0.000000000,-0.719552696
0.870601728,-1.227360000,0.941449592,0.000000000,90.000000000,-0.510006189
0.870601728,-1.227360000,0.941449592,90.000000000,-90.000000000,-2.353796244
0.870601728,-1.227360000,0.941449592,90.000000000,0.000000000,-2.283389091
0.870601728,-1.227360000,0.941449592,90.000000000,90.000000000,-0.543487072
0.970601461,-1.227360000,0.941680879,-180.000000000,-90.000000000,-2.142570257
0.970601461,-1.227360000,0.941680879,-180.000000000,0.000000000,-2.071149111
0.970601461,-1.227360000,0.941680879,-180.000000000,90.000000000,-0.501205504
0.970601461,-1.227360000,0.941680879,-90.000000000,-90.000000000,-2.308301687
0.970601461,-1.227360000,0.941680879,-90.000000000,0.000000000,-1.831284285
0.970601461,-1.227360000,0.941680879,-90.000000000,90.000000000,-0.414544255
0.970601461,-1.227360000,0.941680879,0.000000000,-90.000000000,-2.287223101
0.970601461,-1.227360000,0.941680879,0.000000000,0.000000000,-1.144843340
0.970601461,-1.227360000,0.941680879,0.000000000,90.000000000,-1.419130206
0.970601461,-1.227360000,0.941680879,90.000000000,-90.000000000,-2.432743311
0.970601461,-1.227360000,0.941680879,90.000000000,0.000000000,-1.633111477
0.970601461,-1.227360000,0.941680879,90.000000000,90.000000000,-0.393401474
1.070601194,-1.227360000,0.941912166,-180.000000000,-90.000000000,-2.281258583
1.070601194,-1.227360000,0.941912166,-180.000000000,0.000000000,-1.910298109
1.070601194,-1.227360000,0.941912166,-180.000000000,90.000000000,-1.507874727
1.070601194,-1.227360000,0.941912166,-90.000000000,-90.000000000,-2.348038912
1.070601194,-1.227360000,0.941912166,-90.000000000,0.000000000,-2.402146339
1.070601194,-1.227360000,0.941912166,-90.000000000,90.000000000,-0.049984854
1.070601194,-1.227360000,0.941912166,0.000000000,-90.000000000,-2.597170115
1.070601194,-1.227360000,0.941912166,0.000000000,0.000000000,-0.660423040
1.070601194,-1.227360000,0.941912166,0.000000000,90.000000000,-0.367772371
1.070601194,-1.227360000,0.941912166,90.000000000,-90.000000000,-2.141946077
1.070601194,-1.227360000,0.941912166,90.000000000,0.000000000,-2.487629175
1.070601194,-1.227360000,0.941912166,90.000000000,90.000000000,-0.590305984
1.170600927,-1.227360000,0.942143453,-180.000000000,-90.000000000,-2.381807804
1.170600927,-1.227360000,0.942143453,-180.000000000,0.000000000,-2.006695271
1.170600927,-1.227360000,0.942143453,-180.000000000,90.000000000,-0.713723481
1.170600927,-1.227360000,0.942143453,-90.000000000,-90.000000000,-2.174855947
1.170600927,-1.227360000,0.942143453,-90.000000000,0.000000000,-1.944543958
1.170600927,-1.227360000,0.942143453,-90.000000000,90.000000000,-0.951171815
1.170600927,-1.227360000,0.942143453,0.000000000,-90.000000000,-2.254441500
1.170600927,-1.227360000,0.942143453,0.000000000,0.000000000,-1.390149236
1.170600927,-1.227360000,0.942143453,0.000000000,90.000000000,-1.217391729
1.170600927,-1.227360000,0.942143453,90.000000000,-90.000000000,-2.401654959
1.170600927,-1.227360000,0.942143453,90.000000000,0.000000000,-1.955728412
1.170600927,-1.227360000,0.942143453,90.000000000,90.000000000,-0.957258880
1.270600660,-1.227360000,0.942374740,-180.000000000,-90.000000000,-2.081146002
1.270600660,-1.227360000,0.942374740,-180.000000000,0.000000000,-2.177105665
1.270600660,-1.227360000,0.942374740,-180.000000000,90.000000000,-0.932667315
1.270600660,-1.227360000,0.942374740,-90.000000000,-90.000000000,-2.236237288
1.270600660,-1.227360000,0.942374740,-90.000000000,0.000000000,-2.473619223
1.270600660,-1.227360000,0.942374740,-90.000000000,90.000000000,-0.122022323
1.270600660,-1.227360000,0.942374740,0.000000000,-90.000000000,-2.638470411
1.270600660,-1.227360000,0.942374740,0.000000000,0.000000000,-0.525176108
1.270600660,-1.227360000,0.942374740,0.000000000,90.000000000,-0.857772708
1.270600660,-1.227360000,0.942374740,90.000000000,-90.000000000,-2.504126787
1.270600660,-1.227360000,0.942374740,90.000000000,0.000000000,-2.500183821
1.270600660,-1.227360000,0.942374740,90.000000000,90.000000000,-0.943803787
1.370600393,-1.227360000,0.942606027,-180.000000000,-90.000000000,-2.258417845
1.370600393,-1.227360000,0.942606027,-180.000000000,0.000000000,-1.770112753
1.370600393,-1.227360000,0.942606027,-180.000000000,90.000000000,-1.109027624
1.370600393,-1.227360000,0.942606027,-90.000000000,-90.000000000,-1.957864881
1.370600393,-1.227360000,0.942606027,-90.000000000,0.000000000,-1.873300672
1.370600393,-1.227360000,0.942606027,-90.000000000,90.000000000,-1.094472647
1.370600393,-1.227360000,0.942606027,0.000000000,-90.000000000,-2.107694626
1.370600393,-1.227360000,0.942606027,0.000000000,0.000000000,-1.316117883
1.370600393,-1.227360000,0.942606027,0.000000000,90.000000000,-0.814942181
1.370600393,-1.227360000,0.942606027,90.000000000,-90.000000000,-2.398926020
1.370600393,-1.227360000,0.942606027,90.000000000,0.000000000,-1.784159184
1.370600393,-1.227360000,0.942606027,90.000000000,90.000000000,-1.006908894
1.470600126,-1.227360000,0.942837314,-180.000000000,-90.000000000,-1.999404073
1.470600126,-1.227360000,0.942837314,-180.000000000,0.000000000,-2.260386705
1.470600126,-1.227360000,0.942837314,-180.000000000,90.000000000,-0.562218606
1.470600126,-1.227360000,0.942837314,-90.000000000,-90.000000000,-2.195559263
1.470600126,-1.227360000,0.942837314,-90.000000000,0.000000000,-2.471153975
1.470600126,-1.227360000,0.942837314,-90.000000000,90.000000000,-0.104977556
1.470600126,-1.227360000,0.942837314,0.000000000,-90.000000000,-2.621297598
1.470600126,-1.227360000,0.942837314,0.000000000,0.000000000,-0.441228360
1.470600126,-1.227360000,0.942837314,0.000000000,90.000000000,-0.754234076
1.470600126,-1.227360000,0.942837314,90.000000000,-90.000000000,-2.519430161
1.470600126,-1.227360000,0.942837314,90.000000000,0.000000000,-2.495967388
1.470600126,-1.227360000,0.942837314,90.000000000,90.000000000,-0.300586402
1.570599859,-1.227360000,0.943068601,-180.000000000,-90.000000000,-2.297895193
1.570599859,-1.227360000,0.943068601,-180.000000000,0.000000000,-1.565818787
1.570599859,-1.227360000,0.943068601,-180.000000000,90.000000000,-1.094965219
1.570599859,-1.227360000,0.943068601,-90.000000000,-90.000000000,-1.611533403
1.570599859,-1.227360000,0.943068601,-90.000000000,0.000000000,-1.463856816
1.570599859,-1.227360000,0.943068601,-90.000000000,90.000000000,-0.851465225
1.570599859,-1.227360000,0.943068601,0.000000000,-90.000000000,-2.041510820
1.570599859,-1.227360000,0.943068601,0.000000000,0.000000000,-1.017704725
1.570599859,-1.227360000,0.943068601,0.000000000,90.000000000,-0.574256301
1.570599859,-1.227360000,0.943068601,90.000000000,-90.000000000,-2.491133213
1.570599859,-1.227360000,0.943068601,90.000000000,0.000000000,-1.894322157
1.570599859,-1.227360000,0.943068601,90.000000000,90.000000000,-0.628854454
1.670599592,-1.227360000,0.943299888,-180.000000000,-90.000000000,-1.460960269
1.670599592,-1.227360000,0.943299888,-180.000000000,0.000000000,-2.336752653
1.670599592,-1.227360000,0.943299888,-180.000000000,90.000000000,-0.422664642
1.670599592,-1.227360000,0.943299888,-90.000000000,-90.000000000,-2.161319017
1.670599592,-1.227360000,0.943299888,-90.000000000,0.000000000,-2.506045580
1.670599592,-1.227360000,0.943299888,-90.000000000,90.000000000,0.196769997
1.670599592,-1.227360000,0.943299888,0.000000000,-90.000000000,-2.390444756
1.670599592,-1.227360000,0.943299888,0.000000000,0.000000000,-0.248141646
1.670599592,-1.227360000,0.943299888,0.000000000,90.000000000,-0.438741654
1.670599592,-1.227360000,0.943299888,90.000000000,-90.000000000,-2.367257595
1.670599592,-1.227360000,0.943299888,90.000000000,0.000000000,-2.561678410
1.670599592,-1.227360000,0.943299888,90.000000000,90.000000000,-0.058018852
1.770599325,-1.227360000,0.943531175,-180.000000000,-90.000000000,-2.218006372
1.770599325,-1.227360000,0.943531175,-180.000000000,0.000000000,-1.428911924
1.770599325,-1.227360000,0.943531175,-180.000000000,90.000000000,-1.391682386
1.770599325,-1.227360000,0.943531175,-90.000000000,-90.000000000,-1.035427094
1.770599325,-1.227360000,0.943531175,-90.000000000,0.000000000,-1.247794747
1.770599325,-1.227360000,0.943531175,-90.000000000,90.000000000,-0.811527312
1.770599325,-1.227360000,0.943531175,0.000000000,-90.000000000,-1.785829544
1.770599325,-1.227360000,0.943531175,0.000000000,0.000000000,-0.826238990
1.770599325,-1.227360000,0.943531175,0.000000000,90.000000000,-0.767817080
1.770599325,-1.227360000,0.943531175,90.000000000,-90.000000000,-2.392452955
1.770599325,-1.227360000,0.943531175,90.000000000,0.000000000,-1.892047644
1.770599325,-1.227360000,0.943531175,90.000000000,90.000000000,-0.345059544
1.870599058,-1.227360000,0.943762462,-180.000000000,-90.000000000,-0.458952725
1.870599058,-1.227360000,0.943762462,-180.000000000,0.000000000,-2.368314505
1.870599058,-1.227360000,0.943762462,-180.000000000,90.000000000,-0.535388768
1.870599058,-1.227360000,0.943762462,-90.000000000,-90.000000000,-2.053280354
1.870599058,-1.227360000,0.943762462,-90.000000000,0.000000000,-2.458436012
1.870599058,-1.227360000,0.943762462,-90.000000000,90.000000000,-0.076686814
1.870599058,-1.227360000,0.943762462,0.000000000,-90.000000000,-2.115747213
1.870599058,-1.227360000,0.943762462,0.000000000,0.000000000,0.026458193
1.870599058,-1.227360000,0.943762462,0.000000000,90.000000000,0.144471198
1.870599058,-1.227360000,0.943762462,90.000000000,-90.000000000,-2.246033430
1.870599058,-1.227360000,0.943762462,90.000000000,0.000000000,-2.449144363
1.870599058,-1.227360000,0.943762462,90.000000000,90.000000000,-0.924897492
1.970598791,-1.227360000,0.943993749,-180.000000000,-90.000000000,-2.058706999
1.970598791,-1.227360000,0.943993749,-180.000000000,0.000000000,-1.574859142
1.970598791,-1.227360000,0.943993749,-180.000000000,90.000000000,-1.494883060
1.970598791,-1.227360000,0.943993749,-90.000000000,-90.000000000,-0.074812286
1.970598791,-1.227360000,0.943993749,-90.000000000,0.000000000,-1.286631584
1.970598791,-1.227360000,0.943993749,-90.000000000,90.000000000,-1.253351927
1.970598791,-1.227360000,0.943993749,0.000000000,-90.000000000,-1.809553981
1.970598791,-1.227360000,0.943993749,0.000000000,0.000000000,-1.244920373
1.970598791,-1.227360000,0.943993749,0.000000000,90.000000000,-0.727516770
1.970598791,-1.227360000,0.943993749,90.000000000,-90.000000000,-1.792492986
1.970598791,-1.227360000,0.943993749,90.000000000,0.000000000,-1.542278051
1.970598791,-1.227360000,0.943993749,90.000000000,90.000000000,-1.749302030
2.070598524,-1.227360000,0.944225036,-180.000000000,-90.000000000,0.927163541
2.070598524,-1.227360000,0.944225036,-180.000000000,0.000000000,-2.159127951
2.070598524,-1.227360000,0.944225036,-180.000000000,90.000000000,-0.455884248
2.070598524,-1.227360000,0.944225036,-90.000000000,-90.000000000,-2.007106543
2.070598524,-1.227360000,0.944225036,-90.000000000,0.000000000,-2.436741829
2.070598524,-1.227360000,0.944225036,-90.000000000,90.000000000,-0.021083675
2.070598524,-1.227360000,0.944225036,0.000000000,-90.000000000,-1.235637188
2.070598524,-1.227360000,0.944225036,0.000000000,0.000000000,0.447934538
2.070598524,-1.227360000,0.944225036,0.000000000,90.000000000,0.004568222
2.070598524,-1.227360000,0.944225036,90.000000000,-90.000000000,-2.090141535
2.070598524,-1.227360000,0.944225036,90.000000000,0.000000000,-2.462169886
2.070598524,-1.227360000,0.944225036,90.000000000,90.000000000,0.081984736
2.170598257,-1.227360000,0.944456323,-180.000000000,-90.000000000,-1.533893824
2.170598257,-1.227360000,0.944456323,-180.000000000,0.000000000,-1.598547697
2.170598257,-1.227360000,0.944456323,-180.000000000,90.000000000,-1.367928505
2.170598257,-1.227360000,0.944456323,-90.000000000,-90.000000000,0.943336606
2.170598257,-1.227360000,0.944456323,-90.000000000,0.000000000,-1.407550097
2.170598257,-1.227360000,0.944456323,-90.000000000,90.000000000,-1.278604984
2.170598257,-1.227360000,0.944456323,0.000000000,-90.000000000,-2.072031975
2.170598257,-1.227360000,0.944456323,0.000000000,0.000000000,-1.219516039
2.170598257,-1.227360000,0.944456323,0.000000000,90.000000000,-0.282740295
2.170598257,-1.227360000,0.944456323,90.000000000,-90.000000000,-1.186220646
2.170598257,-1.227360000,0.944456323,90.000000000,0.000000000,-1.539644003
2.170598257,-1.227360000,0.944456323,90.000000000,90.000000000,-1.397603750
2.270597990,-1.227360000,0.944687610,-180.000000000,-90.000000000,-0.380729526
2.270597990,-1.227360000,0.944687610,-180.000000000,0.000000000,-2.210313797
2.270597990,-1.227360000,0.944687610,-180.000000000,90.000000000,0.190828040
2.270597990,-1.227360000,0.944687610,-90.000000000,-90.000000000,-2.247612238
2.270597990,-1.227360000,0.944687610,-90.000000000,0.000000000,-2.421621561
2.270597990,-1.227360000,0.944687610,-90.000000000,90.000000000,0.554746807
2.270597990,-1.227360000,0.944687610,0.000000000,-90.000000000,-0.039742146
2.270597990,-1.227360000,0.944687610,0.000000000,0.000000000,0.994081914
2.270597990,-1.227360000,0.944687610,0.000000000,90.000000000,1.024779439
2.270597990,-1.227360000,0.944687610,90.000000000,-90.000000000,-1.734344721
2.270597990,-1.227360000,0.944687610,90.000000000,0.000000000,-2.442528486
2.270597990,-1.227360000,0.944687610,90.000000000,90.000000000,-1.007333279
2.370597723,-1.227360000,0.944918897,-180.000000000,-90.000000000,-0.847601771
2.370597723,-1.227360000,0.944918897,-180.000000000,0.000000000,-1.377533913
2.370597723,-1.227360000,0.944918897,-180.000000000,90.000000000,-0.419308156
2.370597723,-1.227360000,0.944918897,-90.000000000,-90.000000000,-0.475469261
2.370597723,-1.227360000,0.944918897,-90.000000000,0.000000000,-1.116707325
2.370597723,-1.227360000,0.944918897,-90.000000000,90.000000000,-1.568834662
2.370597723,-1.227360000,0.944918897,0.000000000,-90.000000000,-2.091766119
2.370597723,-1.227360000,0.944918897,0.000000000,0.000000000,-1.208151102
2.370597723,-1.227360000,0.944918897,0.000000000,90.000000000,-0.085223533
2.370597723,-1.227360000,0.944918897,90.000000000,-90.000000000,0.094788395
2.370597723,-1.227360000,0.944918897,90.000000000,0.000000000,-1.525329590
2.370597723,-1.227360000,0.944918897,90.000000000,90.000000000,-0.955240130
2.470597456,-1.227360000,0.945150184,-180.000000000,-90.000000000,-0.868614316
2.470597456,-1.227360000,0.945150184,-180.000000000,0.000000000,-2.167634249
2.470597456,-1.227360000,0.945150184,-180.000000000,90.000000000,-0.545521200
2.470597456,-1.227360000,0.945150184,-90.000000000,-90.000000000,-2.286693096
2.470597456,-1.227360000,0.945150184,-90.000000000,0.000000000,-2.374668121
2.470597456,-1.227360000,0.945150184,-90.000000000,90.000000000,1.259264946
2.470597456,-1.227360000,0.945150184,0.000000000,-90.000000000,0.494530767
2.470597456,-1.227360000,0.945150184,0.000000000,0.000000000,0.990513086
2.470597456,-1.227360000,0.945150184,0.000000000,90.000000000,0.550461590
2.470597456,-1.227360000,0.945150184,90.000000000,-90.000000000,-1.430749893
2.470597456,-1.227360000,0.945150184,90.000000000,0.000000000,-2.412132025
2.470597456,-1.227360000,0.945150184,90.000000000,90.000000000,-0.824930251
2.570597189,-1.227360000,0.945381471,-180.000000000,-90.000000000,-0.266265154
2.570597189,-1.227360000,0.945381471,-180.000000000,0.000000000,-1.842045546
2.570597189,-1.227360000,0.945381471,-180.000000000,90.000000000,-0.496302187
2.570597189,-1.227360000,0.945381471,-90.000000000,-90.000000000,-0.251922816
2.570597189,-1.227360000,0.945381471,-90.000000000,0.000000000,-0.893149793
2.570597189,-1.227360000,0.945381471,-90.000000000,90.000000000,0.070288233
2.570597189,-1.227360000,0.945381471,0.000000000,-90.000000000,-1.071325660
2.570597189,-1.227360000,0.945381471,0.000000000,0.000000000,0.171884134
2.570597189,-1.227360000,0.945381471,0.000000000,90.000000000,-0.161241159
2.570597189,-1.227360000,0.945381471,90.000000000,-90.000000000,0.079252370
2.570597189,-1.227360000,0.945381471,90.000000000,0.000000000,-1.303187013
2.570597189,-1.227360000,0.945381471,90.000000000,90.000000000,-0.083150871
2.670596922,-1.227360000,0.945612758,-180.000000000,-90.000000000,-0.301405877
2.670596922,-1.227360000,0.945612758,-180.000000000,0.000000000,-2.130886793
2.670596922,-1.227360000,0.945612758,-180.000000000,90.000000000,-0.802211046
2.670596922,-1.227360000,0.945612758,-90.000000000,-90.000000000,-2.085803986
2.670596922,-1.227360000,0.945612758,-90.000000000,0.000000000,-2.307450056
2.670596922,-1.227360000,0.945612758,-90.000000000,90.000000000,0.775827527
2.670596922,-1.227360000,0.945612758,0.000000000,-90.000000000,-0.322620600
2.670596922,-1.227360000,0.945612758,0.000000000,0.000000000,-1.007643700
2.670596922,-1.227360000,0.945612758,0.000000000,90.000000000,0.323132306
2.670596922,-1.227360000,0.945612758,90.000000000,-90.000000000,-1.415022850
2.670596922,-1.227360000,0.945612758,90.000000000,0.000000000,-2.348346949
2.670596922,-1.227360000,0.945612758,90.000000000,90.000000000,-1.183793545
2.770596655,-1.227360000,0.945844045,-180.000000000,-90.000000000,0.011820116
2.770596655,-1.227360000,0.945844045,-180.000000000,0.000000000,-1.848078966
2.770596655,-1.227360000,0.945844045,-180.000000000,90.000000000,-0.452591211
2.770596655,-1.227360000,0.945844045,-90.000000000,-90.000000000,-0.764868617
2.770596655,-1.227360000,0.945844045,-90.000000000,0.000000000,-1.612735271
2.770596655,-1.227360000,0.945844045,-90.000000000,90.000000000,-0.582914770
2.770596655,-1.227360000,0.945844045,0.000000000,-90.000000000,-1.920593023
2.770596655,-1.227360000,0.945844045,0.000000000,0.000000000,-0.804199278
2.770596655,-1.227360000,0.945844045,0.000000000,90.000000000,-0.511703312
2.770596655,-1.227360000,0.945844045,90.000000000,-90.000000000,0.270841867
2.770596655,-1.227360000,0.945844045,90.000000000,0.000000000,-1.219340205
2.770596655,-1.227360000,0.945844045,90.000000000,90.000000000,0.228262573
2.870596388,-1.227360000,0.946075332,-180.000000000,-90.000000000,-0.717984498
2.870596388,-1.227360000,0.946075332,-180.000000000,0.000000000,-2.194662571
2.870596388,-1.227360000,0.946075332,-180.000000000,90.000000000,-0.558646262
2.870596388,-1.227360000,0.946075332,-90.000000000,-90.000000000,-1.291841984
2.870596388,-1.227360000,0.946075332,-90.000000000,0.000000000,-2.427073240
2.870596388,-1.227360000,0.946075332,-90.000000000,90.000000000,0.313289851
2.870596388,-1.227360000,0.946075332,0.000000000,-90.000000000,0.297268987
2.870596388,-1.227360000,0.946075332,0.000000000,0.000000000,0.613539994
2.870596388,-1.227360000,0.946075332,0.000000000,90.000000000,-0.282639533
2.870596388,-1.227360000,0.946075332,90.000000000,-90.000000000,-1.202976227
2.870596388,-1.227360000,0.946075332,90.000000000,0.000000000,-2.475827456
2.870596388,-1.227360000,0.946075332,90.000000000,90.000000000,-0.760791540
2.970596121,-1.227360000,0.946306619,-180.000000000,-90.000000000,-0.134301424
2.970596121,-1.227360000,0.946306619,-180.000000000,0.000000000,-0.245365128
2.970596121,-1.227360000,0.946306619,-180.000000000,90.000000000,-0.714339495
2.970596121,-1.227360000,0.946306619,-90.000000000,-90.000000000,-1.098601341
2.970596121,-1.227360000,0.946306619,-90.000000000,0.000000000,0.390621096
2.970596121,-1.227360000,0.946306619,-90.000000000,90.000000000,-0.807160139
2.970596121,-1.227360000,0.946306619,0.000000000,-90.000000000,-0.157373086
2.970596121,-1.227360000,0.946306619,0.000000000,0.000000000,-0.099510528
2.970596121,-1.227360000,0.946306619,0.000000000,90.000000000,-0.825832546
2.970596121,-1.227360000,0.946306619,90.000000000,-90.000000000,-0.037144557
2.970596121,-1.227360000,0.946306619,90.000000000,0.000000000,-0.785429060
2.970596121,-1.227360000,0.946306619,90.000000000,90.000000000,-0.375800759
3.070595854,-1.227360000,0.946537906,-180.000000000,-90.000000000,-1.853192568
3.070595854,-1.227360000,0.946537906,-180.000000000,0.000000000,-2.139316797
3.070595854,-1.227360000,0.946537906,-180.000000000,90.000000000,-0.863162100
3.070595854,-1.227360000,0.946537906,-90.000000000,-90.000000000,-0.636746824
3.070595854,-1.227360000,0.946537906,-90.000000000,0.000000000,-1.544691205
3.070595854,-1.227360000,0.946537906,-90.000000000,90.000000000,-0.192169368
3.070595854,-1.227360000,0.946537906,0.000000000,-90.000000000,-0.623834431
3.070595854,-1.227360000,0.946537906,0.000000000,0.000000000,-0.047330402
3.070595854,-1.227360000,0.946537906,0.000000000,90.000000000,0.022998784
3.070595854,-1.227360000,0.946537906,90.000000000,-90.000000000,-1.075760961
3.070595854,-1.227360000,0.946537906,90.000000000,0.000000000,-1.261518240
3.070595854,-1.227360000,0.946537906,90.000000000,90.000000000,-0.808987021
3.170595587,-1.227360000,0.946769193,-180.000000000,-90.000000000,-0.885487139
3.170595587,-1.227360000,0.946769193,-180.000000000,0.000000000,-0.202152878
3.170595587,-1.227360000,0.946769193,-180.000000000,90.000000000,-0.223996103
3.170595587,-1.227360000,0.946769193,-90.000000000,-90.000000000,-1.755645275
3.170595587,-1.227360000,0.946769193,-90.000000000,0.000000000,0.270500898
3.170595587,-1.227360000,0.946769193,-90.000000000,90.000000000,-0.892793775
3.170595587,-1.227360000,0.946769193,0.000000000,-90.000000000,-1.402324080
3.170595587,-1.227360000,0.946769193,0.000000000,0.000000000,-0.309457928
3.170595587,-1.227360000,0.946769193,0.000000000,90.000000000,-1.220382690
3.170595587,-1.227360000,0.946769193,90.000000000,-90.000000000,-0.709603250
3.170595587,-1.227360000,0.946769193,90.000000000,0.000000000,-0.308337361
3.170595587,-1.227360000,0.946769193,90.000000000,90.000000000,-0.832249105
3.270595320,-1.227360000,0.947000480,-180.000000000,-90.000000000,-1.744487405
3.270595320,-1.227360000,0.947000480,-180.000000000,0.000000000,-0.904897273
3.270595320,-1.227360000,0.947000480,-180.000000000,90.000000000,-1.259218931
3.270595320,-1.227360000,0.947000480,-90.000000000,-90.000000000,-1.555674672
3.270595320,-1.227360000,0.947000480,-90.000000000,0.000000000,0.367404163
3.270595320,-1.227360000,0.947000480,-90.000000000,90.000000000,0.459359467
3.270595320,-1.227360000,0.947000480,0.000000000,-90.000000000,-1.198095798
3.270595320,-1.227360000,0.947000480,0.000000000,0.000000000,-0.725349784
3.270595320,-1.227360000,0.947000480,0.000000000,90.000000000,-0.537807643
3.270595320,-1.227360000,0.947000480,90.000000000,-90.000000000,-0.131870091
3.270595320,-1.227360000,0.947000480,90.000000000,0.000000000,0.783969700
3.270595320,-1.227360000,0.947000480,90.000000000,90.000000000,-0.888352931
3.370595053,-1.227360000,0.947231767,-180.000000000,-90.000000000,-0.882818103
3.370595053,-1.227360000,0.947231767,-180.000000000,0.000000000,-0.849579632
3.370595053,-1.227360000,0.947231767,-180.000000000,90.000000000,-0.916141033
3.370595053,-1.227360000,0.947231767,-90.000000000,-90.000000000,-1.629888058
3.370595053,-1.227360000,0.947231767,-90.000000000,0.000000000,-1.104855418
3.370595053,-1.227360000,0.947231767,-90.000000000,90.000000000,-1.252709866
3.370595053,-1.227360000,0.947231767,0.000000000,-90.000000000,-2.006742477
3.370595053,-1.227360000,0.947231767,0.000000000,0.000000000,-0.896967471
3.370595053,-1.227360000,0.947231767,0.000000000,90.000000000,-1.389372826
3.370595053,-1.227360000,0.947231767,90.000000000,-90.000000000,-1.288306475
3.370595053,-1.227360000,0.947231767,90.000000000,0.000000000,0.006499887
3.370595053,-1.227360000,0.947231767,90.000000000,90.000000000,-1.226070404
3.470594786,-1.227360000,0.947463054,-180.000000000,-90.000000000,-1.675719500
3.470594786,-1.227360000,0.947463054,-180.000000000,0.000000000,0.795276463
3.470594786,-1.227360000,0.947463054,-180.000000000,90.000000000,-1.641001940
3.470594786,-1.227360000,0.947463054,-90.000000000,-90.000000000,-2.171330929
3.470594786,-1.227360000,0.947463054,-90.000000000,0.000000000,-0.845628917
3.470594786,-1.227360000,0.947463054,-90.000000000,90.000000000,-0.497052073
3.470594786,-1.227360000,0.947463054,0.000000000,-90.000000000,-1.489424944
3.470594786,-1.227360000,0.947463054,0.000000000,0.000000000,-0.919178069
3.470594786,-1.227360000,0.947463054,0.000000000,90.000000000,-0.960487485
3.470594786,-1.227360000,0.947463054,90.000000000,-90.000000000,-0.720210254
3.470594786,-1.227360000,0.947463054,90.000000000,0.000000000,-0.874650776
3.470594786,-1.227360000,0.947463054,90.000000000,90.000000000,-0.862988293
3.570594519,-1.227360000,0.947694341,-180.000000000,-90.000000000,-1.077327251
3.570594519,-1.227360000,0.947694341,-180.000000000,0.000000000,-1.487971783
3.570594519,-1.227360000,0.947694341,-180.000000000,90.000000000,-0.886961043
3.570594519,-1.227360000,0.947694341,-90.000000000,-90.000000000,-1.528057098
3.570594519,-1.227360000,0.947694341,-90.000000000,0.000000000,-1.066128254
3.570594519,-1.227360000,0.947694341,-90.000000000,90.000000000,-1.394828200
3.570594519,-1.227360000,0.947694341,0.000000000,-90.000000000,-2.043506384
3.570594519,-1.227360000,0.947694341,0.000000000,0.000000000,-0.864948034
3.570594519,-1.227360000,0.947694341,0.000000000,90.000000000,-1.756261230
3.570594519,-1.227360000,0.947694341,90.000000000,-90.000000000,-1.419375777
3.570594519,-1.227360000,0.947694341,90.000000000,0.000000000,-0.122203998
3.570594519,-1.227360000,0.947694341,90.000000000,90.000000000,-1.290495634
3.670594252,-1.227360000,0.947925628,-180.000000000,-90.000000000,-1.461321473
3.670594252,-1.227360000,0.947925628,-180.000000000,0.000000000,-0.060262728
3.670594252,-1.227360000,0.947925628,-180.000000000,90.000000000,-1.517741442
3.670594252,-1.227360000,0.947925628,-90.000000000,-90.000000000,-2.124104738
3.670594252,-1.227360000,0.947925628,-90.000000000,0.000000000,-1.866536736
3.670594252,-1.227360000,0.947925628,-90.000000000,90.000000000,-0.704680324
3.670594252,-1.227360000,0.947925628,0.000000000,-90.000000000,-1.611762166
3.670594252,-1.227360000,0.947925628,0.000000000,0.000000000,-0.775488436
3.670594252,-1.227360000,0.947925628,0.000000000,90.000000000,-0.983282387
3.670594252,-1.227360000,0.947925628,90.000000000,-90.000000000,-1.621950507
3.670594252,-1.227360000,0.947925628,90.000000000,0.000000000,-2.033422947
3.670594252,-1.227360000,0.947925628,90.000000000,90.000000000,-0.582396924
3.770593985,-1.227360000,0.948156915,-180.000000000,-90.000000000,-1.469249249
3.770593985,-1.227360000,0.948156915,-180.000000000,0.000000000,-1.552530885
3.770593985,-1.227360000,0.948156915,-180.000000000,90.000000000,-1.078166366
3.770593985,-1.227360000,0.948156915,-90.000000000,-90.000000000,-1.476875305
3.770593985,-1.227360000,0.948156915,-90.000000000,0.000000000,-1.102185726
3.770593985,-1.227360000,0.948156915,-90.000000000,90.000000000,-1.101175547
3.770593985,-1.227360000,0.948156915,0.000000000,-90.000000000,-1.963110685
3.770593985,-1.227360000,0.948156915,0.000000000,0.000000000,-1.119285226
3.770593985,-1.227360000,0.948156915,0.000000000,90.000000000,-1.433313608
3.770593985,-1.227360000,0.948156915,90.000000000,-90.000000000,-1.615067840
3.770593985,-1.227360000,0.948156915,90.000000000,0.000000000,-0.258590907
3.770593985,-1.227360000,0.948156915,90.000000000,90.000000000,-0.679424882
3.870593718,-1.227360000,0.948388202,-180.000000000,-90.000000000,-1.281318426
3.870593718,-1.227360000,0.948388202,-180.000000000,0.000000000,-1.040567636
3.870593718,-1.227360000,0.948388202,-180.000000000,90.000000000,-1.262970090
3.870593718,-1.227360000,0.948388202,-90.000000000,-90.000000000,-1.972320199
3.870593718,-1.227360000,0.948388202,-90.000000000,0.000000000,-2.171330929
3.870593718,-1.227360000,0.948388202,-90.000000000,90.000000000,-0.457434088
3.870593718,-1.227360000,0.948388202,0.000000000,-90.000000000,-1.672935128
3.870593718,-1.227360000,0.948388202,0.000000000,0.000000000,-0.932793319
3.870593718,-1.227360000,0.948388202,0.000000000,90.000000000,-0.785949051
3.870593718,-1.227360000,0.948388202,90.000000000,-90.000000000,-1.632829189
3.870593718,-1.227360000,0.948388202,90.000000000,0.000000000,-2.171330929
3.870593718,-1.227360000,0.948388202,90.000000000,90.000000000,-0.570111513
3.970593451,-1.227360000,0.948619489,-180.000000000,-90.000000000,-1.647753239
3.970593451,-1.227360000,0.948619489,-180.000000000,0.000000000,-1.711580992
3.970593451,-1.227360000,0.948619489,-180.000000000,90.000000000,-1.297732830
3.970593451,-1.227360000,0.948619489,-90.000000000,-90.000000000,-1.305364132
3.970593451,-1.227360000,0.948619489,-90.000000000,0.000000000,-1.228048563
3.970593451,-1.227360000,0.948619489,-90.000000000,90.000000000,-1.066266775
3.970593451,-1.227360000,0.948619489,0.000000000,-90.000000000,-1.936343193
3.970593451,-1.227360000,0.948619489,0.000000000,0.000000000,-0.907560349
3.970593451,-1.227360000,0.948619489,0.000000000,90.000000000,-1.647456169
3.970593451,-1.227360000,0.948619489,90.000000000,-90.000000000,-1.821408510
3.970593451,-1.227360000,0.948619489,90.000000000,0.000000000,-0.646337330
3.970593451,-1.227360000,0.948619489,90.000000000,90.000000000,-1.255879045
4.070593184,-1.227360000,0.948850776,-180.000000000,-90.000000000,-1.348662734
4.070593184,-1.227360000,0.948850776,-180.000000000,0.000000000,-1.940664053
4.070593184,-1.227360000,0.948850776,-180.000000000,90.000000000,-1.666254520
4.070593184,-1.227360000,0.948850776,-90.000000000,-90.000000000,-1.912811279
4.070593184,-1.227360000,0.948850776,-90.000000000,0.000000000,-2.171330929
4.070593184,-1.227360000,0.948850776,-90.000000000,90.000000000,-0.188150108
4.070593184,-1.227360000,0.948850776,0.000000000,-90.000000000,-1.969853878
4.070593184,-1.227360000,0.948850776,0.000000000,0.000000000,-0.576950073
4.070593184,-1.227360000,0.948850776,0.000000000,90.000000000,-0.395827264
4.070593184,-1.227360000,0.948850776,90.000000000,-90.000000000,-2.008296251
4.070593184,-1.227360000,0.948850776,90.000000000,0.000000000,-2.171330929
4.070593184,-1.227360000,0.948850776,90.000000000,90.000000000,-0.505872905
4.170592917,-1.227360000,0.949082063,-180.000000000,-90.000000000,-1.855468154
4.170592917,-1.227360000,0.949082063,-180.000000000,0.000000000,-1.414041758
4.170592917,-1.227360000,0.949082063,-180.000000000,90.000000000,-1.379045010
4.170592917,-1.227360000,0.949082063,-90.000000000,-90.000000000,-1.404589176
4.170592917,-1.227360000,0.949082063,-90.000000000,0.000000000,-0.882089794
4.170592917,-1.227360000,0.949082063,-90.000000000,90.000000000,-1.281345844
4.170592917,-1.227360000,0.949082063,0.000000000,-90.000000000,-1.819426775
4.170592917,-1.227360000,0.949082063,0.000000000,0.000000000,-0.444455624
4.170592917,-1.227360000,0.949082063,0.000000000,90.000000000,-1.470172048
4.170592917,-1.227360000,0.949082063,90.000000000,-90.000000000,-1.942583084
4.170592917,-1.227360000,0.949082063,90.000000000,0.000000000,-1.088831186
4.170592917,-1.227360000,0.949082063,90.000000000,90.000000000,-0.180639312
4.270592650,-1.227360000,0.949313350,-180.000000000,-90.000000000,-1.205510020
4.270592650,-1.227360000,0.949313350,-180.000000000,0.000000000,-2.174651861
4.270592650,-1.227360000,0.949313350,-180.000000000,90.000000000,-1.490292192
4.270592650,-1.227360000,0.949313350,-90.000000000,-90.000000000,-1.806507945
4.270592650,-1.227360000,0.949313350,-90.000000000,0.000000000,-2.229439259
4.270592650,-1.227360000,0.949313350,-90.000000000,90.000000000,-0.027413808
4.270592650,-1.227360000,0.949313350,0.000000000,-90.000000000,-1.695530176
4.270592650,-1.227360000,0.949313350,0.000000000,0.000000000,-0.806581080
4.270592650,-1.227360000,0.949313350,0.000000000,90.000000000,-0.398197889
4.270592650,-1.227360000,0.949313350,90.000000000,-90.000000000,-2.154034376
4.270592650,-1.227360000,0.949313350,90.000000000,0.000000000,-2.095888376
4.270592650,-1.227360000,0.949313350,90.000000000,90.000000000,-0.104415692
4.370592383,-1.227360000,0.949544637,-180.000000000,-90.000000000,-1.924186110
4.370592383,-1.227360000,0.949544637,-180.000000000,0.000000000,-1.154945731
4.370592383,-1.227360000,0.949544637,-180.000000000,90.000000000,-0.964883864
4.370592383,-1.227360000,0.949544637,-90.000000000,-90.000000000,-1.025589705
4.370592383,-1.227360000,0.949544637,-90.000000000,0.000000000,-1.391159773
4.370592383,-1.227360000,0.949544637,-90.000000000,90.000000000,-0.797447920
4.370592383,-1.227360000,0.949544637,0.000000000,-90.000000000,-0.991989076
4.370592383,-1.227360000,0.949544637,0.000000000,0.000000000,-0.753355265
4.370592383,-1.227360000,0.949544637,0.000000000,90.000000000,-1.350092769
4.370592383,-1.227360000,0.949544637,90.000000000,-90.000000000,-2.018313885
4.370592383,-1.227360000,0.949544637,90.000000000,0.000000000,-1.232816935
4.370592383,-1.227360000,0.949544637,90.000000000,90.000000000,-0.682366073
4.470592116,-1.227360000,0.949775924,-180.000000000,-90.000000000,-0.699171484
4.470592116,-1.227360000,0.949775924,-180.000000000,0.000000000,-2.019986153
4.470592116,-1.227360000,0.949775924,-180.000000000,90.000000000,-1.417361617
4.470592116,-1.227360000,0.949775924,-90.000000000,-90.000000000,-1.289129019
4.470592116,-1.227360000,0.949775924,-90.000000000,0.000000000,-2.096331120
4.470592116,-1.227360000,0.949775924,-90.000000000,90.000000000,0.116892569
4.470592116,-1.227360000,0.949775924,0.000000000,-90.000000000,-1.599758983
4.470592116,-1.227360000,0.949775924,0.000000000,0.000000000,-0.873578608
4.470592116,-1.227360000,0.949775924,0.000000000,90.000000000,-0.144893304
4.470592116,-1.227360000,0.949775924,90.000000000,-90.000000000,-1.950472832
4.470592116,-1.227360000,0.949775924,90.000000000,0.000000000,-2.128576040
4.470592116,-1.227360000,0.949775924,90.000000000,90.000000000,-0.245980933
4.570591849,-1.227360000,0.950007211,-180.000000000,-90.000000000,-1.914945722
4.570591849,-1.227360000,0.950007211,-180.000000000,0.000000000,-1.792127371
4.570591849,-1.227360000,0.950007211,-180.000000000,90.000000000,-0.841419399
4.570591849,-1.227360000,0.950007211,-90.000000000,-90.000000000,0.131671637
4.570591849,-1.227360000,0.950007211,-90.000000000,0.000000000,-1.433531046
4.570591849,-1.227360000,0.950007211,-90.000000000,90.000000000,-0.895598114
4.570591849,-1.227360000,0.950007211,0.000000000,-90.000000000,-1.875133991
4.570591849,-1.227360000,0.950007211,0.000000000,0.000000000,-0.669328272
4.570591849,-1.227360000,0.950007211,0.000000000,90.000000000,-1.692965508
4.570591849,-1.227360000,0.950007211,90.000000000,-90.000000000,-1.737390399
4.570591849,-1.227360000,0.950007211,90.000000000,0.000000000,-1.310263872
4.570591849,-1.227360000,0.950007211,90.000000000,90.000000000,-0.698128164
4.670591582,-1.227360000,0.950238498,-180.000000000,-90.000000000,-0.431248993
4.670591582,-1.227360000,0.950238498,-180.000000000,0.000000000,-2.015524149
4.670591582,-1.227360000,0.950238498,-180.000000000,90.000000000,-1.151225090
4.670591582,-1.227360000,0.950238498,-90.000000000,-90.000000000,-2.138486624
4.670591582,-1.227360000,0.950238498,-90.000000000,0.000000000,-2.213443518
4.670591582,-1.227360000,0.950238498,-90.000000000,90.000000000,0.125578806
4.670591582,-1.227360000,0.950238498,0.000000000,-90.000000000,-0.966023862
4.670591582,-1.227360000,0.950238498,0.000000000,0.000000000,-0.209587023
4.670591582,-1.227360000,0.950238498,0.000000000,90.000000000,-0.441065043
4.670591582,-1.227360000,0.950238498,90.000000000,-90.000000000,-1.974772930
4.670591582,-1.227360000,0.950238498,90.000000000,0.000000000,-2.233326674
4.670591582,-1.227360000,0.950238498,90.000000000,90.000000000,-0.681119144
4.770591315,-1.227360000,0.950469785,-180.000000000,-90.000000000,-1.690654635
4.770591315,-1.227360000,0.950469785,-180.000000000,0.000000000,-1.827539444
4.770591315,-1.227360000,0.950469785,-180.000000000,90.000000000,-0.433786243
4.770591315,-1.227360000,0.950469785,-90.000000000,-90.000000000,-0.201747224
4.770591315,-1.227360000,0.950469785,-90.000000000,0.000000000,-1.598007679
4.770591315,-1.227360000,0.950469785,-90.000000000,90.000000000,-1.175097704
4.770591315,-1.227360000,0.950469785,0.000000000,-90.000000000,-2.221060276
4.770591315,-1.227360000,0.950469785,0.000000000,0.000000000,-0.904537380
4.770591315,-1.227360000,0.950469785,0.000000000,90.000000000,-1.490194321
4.770591315,-1.227360000,0.950469785,90.000000000,-90.000000000,-0.700557888
4.770591315,-1.227360000,0.950469785,90.000000000,0.000000000,-1.730863094
4.770591315,-1.227360000,0.950469785,90.000000000,90.000000000,-1.336730599
4.870591048,-1.227360000,0.950701072,-180.000000000,-90.000000000,-1.843093991
4.870591048,-1.227360000,0.950701072,-180.000000000,0.000000000,-2.167859077
4.870591048,-1.227360000,0.950701072,-180.000000000,90.000000000,-1.960663199
4.870591048,-1.227360000,0.950701072,-90.000000000,-90.000000000,-1.992646694
4.870591048,-1.227360000,0.950701072,-90.000000000,0.000000000,-2.482776642
4.870591048,-1.227360000,0.950701072,-90.000000000,90.000000000,-0.398546308
4.870591048,-1.227360000,0.950701072,0.000000000,-90.000000000,-1.187559724
4.870591048,-1.227360000,0.950701072,0.000000000,0.000000000,-1.514430046
4.870591048,-1.227360000,0.950701072,0.000000000,90.000000000,-0.595756292
4.870591048,-1.227360000,0.950701072,90.000000000,-90.000000000,-1.519422054
4.870591048,-1.227360000,0.950701072,90.000000000,0.000000000,-2.519618511
4.870591048,-1.227360000,0.950701072,90.000000000,90.000000000,-1.497014999
4.970590781,-1.227360000,0.950932359,-180.000000000,-90.000000000,-1.267132044
4.970590781,-1.227360000,0.950932359,-180.000000000,0.000000000,-1.802724600
4.970590781,-1.227360000,0.950932359,-180.000000000,90.000000000,-0.945988655
4.970590781,-1.227360000,0.950932359,-90.000000000,-90.000000000,-1.557648659
4.970590781,-1.227360000,0.950932359,-90.000000000,0.000000000,-1.667150974
4.970590781,-1.227360000,0.950932359,-90.000000000,90.000000000,-1.664029598
4.970590781,-1.227360000,0.950932359,0.000000000,-90.000000000,-1.980563641
4.970590781,-1.227360000,0.950932359,0.000000000,0.000000000,-1.351602077
4.970590781,-1.227360000,0.950932359,0.000000000,90.000000000,-1.960528135
4.970590781,-1.227360000,0.950932359,90.000000000,-90.000000000,-1.666569948
4.970590781,-1.227360000,0.950932359,90.000000000,0.000000000,-1.831847429
4.970590781,-1.227360000,0.950932359,90.000000000,90.000000000,-1.915018797
5.070590514,-1.227360000,0.951163646,-180.000000000,-90.000000000,-1.792373657
5.070590514,-1.227360000,0.951163646,-180.000000000,0.000000000,-2.313512087
5.070590514,-1.227360000,0.951163646,-180.000000000,90.000000000,-1.522312284
5.070590514,-1.227360000,0.951163646,-90.000000000,-90.000000000,-1.961390018
5.070590514,-1.227360000,0.951163646,-90.000000000,0.000000000,-2.419044256
5.070590514,-1.227360000,0.951163646,-90.000000000,90.000000000,-0.650190234
5.070590514,-1.227360000,0.951163646,0.000000000,-90.000000000,-1.173522234
5.070590514,-1.227360000,0.951163646,0.000000000,0.000000000,-0.566656768
5.070590514,-1.227360000,0.951163646,0.000000000,90.000000000,-0.686706424
5.070590514,-1.227360000,0.951163646,90.000000000,-90.000000000,-1.815267444
5.070590514,-1.227360000,0.951163646,90.000000000,0.000000000,-2.367770433
5.070590514,-1.227360000,0.951163646,90.000000000,90.000000000,-1.486117363
5.170590247,-1.227360000,0.951394933,-180.000000000,-90.000000000,-1.718713045
5.170590247,-1.227360000,0.951394933,-180.000000000,0.000000000,-1.624401450
5.170590247,-1.227360000,0.951394933,-180.000000000,90.000000000,-0.996390045
5.170590247,-1.227360000,0.951394933,-90.000000000,-90.000000000,-1.645666838
5.170590247,-1.227360000,0.951394933,-90.000000000,0.000000000,-1.625260592
5.170590247,-1.227360000,0.951394933,-90.000000000,90.000000000,-1.893868923
5.170590247,-1.227360000,0.951394933,0.000000000,-90.000000000,-1.841541767
5.170590247,-1.227360000,0.951394933,0.000000000,0.000000000,-1.560118914
5.170590247,-1.227360000,0.951394933,0.000000000,90.000000000,-2.099604368
5.170590247,-1.227360000,0.951394933,90.000000000,-90.000000000,-1.380612850
5.170590247,-1.227360000,0.951394933,90.000000000,0.000000000,-1.922108889
5.170590247,-1.227360000,0.951394933,90.000000000,90.000000000,-1.867987394
5.270589980,-1.227360000,0.951626220,-180.000000000,-90.000000000,-1.814961433
5.270589980,-1.227360000,0.951626220,-180.000000000,0.000000000,-2.093207598
5.270589980,-1.227360000,0.951626220,-180.000000000,90.000000000,-2.022463799
5.270589980,-1.227360000,0.951626220,-90.000000000,-90.000000000,-1.905333281
5.270589980,-1.227360000,0.951626220,-90.000000000,0.000000000,-2.375258684
5.270589980,-1.227360000,0.951626220,-90.000000000,90.000000000,-0.730037749
5.270589980,-1.227360000,0.951626220,0.000000000,-90.000000000,-1.319155455
5.270589980,-1.227360000,0.951626220,0.000000000,0.000000000,-0.564354002
5.270589980,-1.227360000,0.951626220,0.000000000,90.000000000,-0.837860525
5.270589980,-1.227360000,0.951626220,90.000000000,-90.000000000,-1.796618223
5.270589980,-1.227360000,0.951626220,90.000000000,0.000000000,-2.351279974
5.270589980,-1.227360000,0.951626220,90.000000000,90.000000000,-1.575823426
5.370589713,-1.227360000,0.951857507,-180.000000000,-90.000000000,-1.528355598
5.370589713,-1.227360000,0.951857507,-180.000000000,0.000000000,-1.810805202
5.370589713,-1.227360000,0.951857507,-180.000000000,90.000000000,-1.363085032
5.370589713,-1.227360000,0.951857507,-90.000000000,-90.000000000,-1.511091948
5.370589713,-1.227360000,0.951857507,-90.000000000,0.000000000,-1.579765081
5.370589713,-1.227360000,0.951857507,-90.000000000,90.000000000,-2.293076754
5.370589713,-1.227360000,0.951857507,0.000000000,-90.000000000,-1.877705574
5.370589713,-1.227360000,0.951857507,0.000000000,0.000000000,-1.590153217
5.370589713,-1.227360000,0.951857507,0.000000000,90.000000000,-2.263601065
5.370589713,-1.227360000,0.951857507,90.000000000,-90.000000000,-1.092476487
5.370589713,-1.227360000,0.951857507,90.000000000,0.000000000,-1.567734599
5.370589713,-1.227360000,0.951857507,90.000000000,90.000000000,-2.437441349
5.470589446,-1.227360000,0.952088794,-180.000000000,-90.000000000,-1.851331949
5.470589446,-1.227360000,0.952088794,-180.000000000,0.000000000,-2.030049562
5.470589446,-1.227360000,0.952088794,-180.000000000,90.000000000,-2.234510660
5.470589446,-1.227360000,0.952088794,-90.000000000,-90.000000000,-2.035708427
5.470589446,-1.227360000,0.952088794,-90.000000000,0.000000000,-2.343098402
5.470589446,-1.227360000,0.952088794,-90.000000000,90.000000000,-1.165018201
5.470589446,-1.227360000,0.952088794,0.000000000,-90.000000000,-1.515688896
5.470589446,-1.227360000,0.952088794,0.000000000,0.000000000,-0.877165914
5.470589446,-1.227360000,0.952088794,0.000000000,90.000000000,-1.123365641
5.470589446,-1.227360000,0.952088794,90.000000000,-90.000000000,-1.811810970
5.470589446,-1.227360000,0.952088794,90.000000000,0.000000000,-2.429051876
5.470589446,-1.227360000,0.952088794,90.000000000,90.000000000,-1.514827728
5.570589179,-1.227360000,0.952320081,-180.000000000,-90.000000000,-1.354577303
5.570589179,-1.227360000,0.952320081,-180.000000000,0.000000000,-1.874038219
5.570589179,-1.227360000,0.952320081,-180.000000000,90.000000000,-1.769216776
5.570589179,-1.227360000,0.952320081,-90.000000000,-90.000000000,-1.751793742
5.570589179,-1.227360000,0.952320081,-90.000000000,0.000000000,-1.738255858
5.570589179,-1.227360000,0.952320081,-90.000000000,90.000000000,-2.334791422
5.570589179,-1.227360000,0.952320081,0.000000000,-90.000000000,-1.887153506
5.570589179,-1.227360000,0.952320081,0.000000000,0.000000000,-1.627595305
5.570589179,-1.227360000,0.952320081,0.000000000,90.000000000,-2.123906374
5.570589179,-1.227360000,0.952320081,90.000000000,-90.000000000,-1.281936288
5.570589179,-1.227360000,0.952320081,90.000000000,0.000000000,-1.195891619
5.570589179,-1.227360000,0.952320081,90.000000000,90.000000000,-2.294792414
5.670588912,-1.227360000,0.952551368,-180.000000000,-90.000000000,-2.347229242
5.670588912,-1.227360000,0.952551368,-180.000000000,0.000000000,-1.939856291
5.670588912,-1.227360000,0.952551368,-180.000000000,90.000000000,-2.072168589
5.670588912,-1.227360000,0.952551368,-90.000000000,-90.000000000,-2.088111162
5.670588912,-1.227360000,0.952551368,-90.000000000,0.000000000,-2.370826006
5.670588912,-1.227360000,0.952551368,-90.000000000,90.000000000,-0.995345891
5.670588912,-1.227360000,0.952551368,0.000000000,-90.000000000,-1.176641226
5.670588912,-1.227360000,0.952551368,0.000000000,0.000000000,-0.506651759
5.670588912,-1.227360000,0.952551368,0.000000000,90.000000000,-0.885414362
5.670588912,-1.227360000,0.952551368,90.000000000,-90.000000000,-1.676210642
5.670588912,-1.227360000,0.952551368,90.000000000,0.000000000,-2.369200468
5.670588912,-1.227360000,0.952551368,90.000000000,90.000000000,-1.753238678
5.770588645,-1.227360000,0.952782655,-180.000000000,-90.000000000,-1.330450535
5.770588645,-1.227360000,0.952782655,-180.000000000,0.000000000,-1.882974029
5.770588645,-1.227360000,0.952782655,-180.000000000,90.000000000,-1.855768681
5.770588645,-1.227360000,0.952782655,-90.000000000,-90.000000000,-1.867298365
5.770588645,-1.227360000,0.952782655,-90.000000000,0.000000000,-1.820591092
5.770588645,-1.227360000,0.952782655,-90.000000000,90.000000000,-2.604621172
5.770588645,-1.227360000,0.952782655,0.000000000,-90.000000000,-2.006419897
5.770588645,-1.227360000,0.952782655,0.000000000,0.000000000,-1.869044423
5.770588645,-1.227360000,0.952782655,0.000000000,90.000000000,-1.840853930
5.770588645,-1.227360000,0.952782655,90.000000000,-90.000000000,-1.485902786
5.770588645,-1.227360000,0.952782655,90.000000000,0.000000000,-1.418435574
5.770588645,-1.227360000,0.952782655,90.000000000,90.000000000,-2.326732159
5.870588378,-1.227360000,0.953013942,-180.000000000,-90.000000000,-2.617297649
5.870588378,-1.227360000,0.953013942,-180.000000000,0.000000000,-2.057595253
5.870588378,-1.227360000,0.953013942,-180.000000000,90.000000000,-1.619351149
5.870588378,-1.227360000,0.953013942,-90.000000000,-90.000000000,-2.218055487
5.870588378,-1.227360000,0.953013942,-90.000000000,0.000000000,-2.389297247
5.870588378,-1.227360000,0.953013942,-90.000000000,90.000000000,-1.030278444
5.870588378,-1.227360000,0.953013942,0.000000000,-90.000000000,-1.667605877
5.870588378,-1.227360000,0.953013942,0.000000000,0.000000000,-1.104633808
5.870588378,-1.227360000,0.953013942,0.000000000,90.000000000,-1.010504723
5.870588378,-1.227360000,0.953013942,90.000000000,-90.000000000,-1.825470448
5.870588378,-1.227360000,0.953013942,90.000000000,0.000000000,-2.406034470
5.870588378,-1.227360000,0.953013942,90.000000000,90.000000000,-1.617409468
5.970588111,-1.227360000,0.953245229,-180.000000000,-90.000000000,-1.562300920
5.970588111,-1.227360000,0.953245229,-180.000000000,0.000000000,-2.056155205
5.970588111,-1.227360000,0.953245229,-180.000000000,90.000000000,-1.844492793
5.970588111,-1.227360000,0.953245229,-90.000000000,-90.000000000,-2.549897432
5.970588111,-1.227360000,0.953245229,-90.000000000,0.000000000,-1.970396280
5.970588111,-1.227360000,0.953245229,-90.000000000,90.000000000,-2.562712908
5.970588111,-1.227360000,0.953245229,0.000000000,-90.000000000,-2.108233213
5.970588111,-1.227360000,0.953245229,0.000000000,0.000000000,-1.957842827
5.970588111,-1.227360000,0.953245229,0.000000000,90.000000000,-1.447366238
5.970588111,-1.227360000,0.953245229,90.000000000,-90.000000000,-2.046002150
5.970588111,-1.227360000,0.953245229,90.000000000,0.000000000,-1.595084429
5.970588111,-1.227360000,0.953245229,90.000000000,90.000000000,-2.239980936
6.070587844,-1.227360000,0.953476516,-180.000000000,-90.000000000,-2.691503525
6.070587844,-1.227360000,0.953476516,-180.000000000,0.000000000,-2.153901815
6.070587844,-1.227360000,0.953476516,-180.000000000,90.000000000,-1.308009148
6.070587844,-1.227360000,0.953476516,-90.000000000,-90.000000000,-2.292680264
6.070587844,-1.227360000,0.953476516,-90.000000000,0.000000000,-2.446496725
6.070587844,-1.227360000,0.953476516,-90.000000000,90.000000000,-0.993652284
6.070587844,-1.227360000,0.953476516,0.000000000,-90.000000000,-1.971863747
6.070587844,-1.227360000,0.953476516,0.000000000,0.000000000,-1.346411228
6.070587844,-1.227360000,0.953476516,0.000000000,90.000000000,-1.234283209
6.070587844,-1.227360000,0.953476516,90.000000000,-90.000000000,-1.915345907
6.070587844,-1.227360000,0.953476516,90.000000000,0.000000000,-2.481495619
6.070587844,-1.227360000,0.953476516,90.000000000,90.000000000,-1.220100403
6.170587577,-1.227360000,0.953707803,-180.000000000,-90.000000000,-1.680426002
6.170587577,-1.227360000,0.953707803,-180.000000000,0.000000000,-2.172331572
6.170587577,-1.227360000,0.953707803,-180.000000000,90.000000000,-1.912249207
6.170587577,-1.227360000,0.953707803,-90.000000000,-90.000000000,-2.766627073
6.170587577,-1.227360000,0.953707803,-90.000000000,0.000000000,-2.109080553
6.170587577,-1.227360000,0.953707803,-90.000000000,90.000000000,-2.278188229
6.170587577,-1.227360000,0.953707803,0.000000000,-90.000000000,-2.220315218
6.170587577,-1.227360000,0.953707803,0.000000000,0.000000000,-2.017430305
6.170587577,-1.227360000,0.953707803,0.000000000,90.000000000,-1.241449118
6.170587577,-1.227360000,0.953707803,90.000000000,-90.000000000,-2.069140196
6.170587577,-1.227360000,0.953707803,90.000000000,0.000000000,-1.718269825
6.170587577,-1.227360000,0.953707803,90.000000000,90.000000000,-2.159893751
6.270587310,-1.227360000,0.953939090,-180.000000000,-90.000000000,-2.602806091
6.270587310,-1.227360000,0.953939090,-180.000000000,0.000000000,-2.308961868
6.270587310,-1.227360000,0.953939090,-180.000000000,90.000000000,-1.152247548
6.270587310,-1.227360000,0.953939090,-90.000000000,-90.000000000,-2.306720018
6.270587310,-1.227360000,0.953939090,-90.000000000,0.000000000,-2.513248205
6.270587310,-1.227360000,0.953939090,-90.000000000,90.000000000,-0.613994896
6.270587310,-1.227360000,0.953939090,0.000000000,-90.000000000,-2.230018854
6.270587310,-1.227360000,0.953939090,0.000000000,0.000000000,-1.596486449
6.270587310,-1.227360000,0.953939090,0.000000000,90.000000000,-0.789778352
6.270587310,-1.227360000,0.953939090,90.000000000,-90.000000000,-1.995963335
6.270587310,-1.227360000,0.953939090,90.000000000,0.000000000,-2.542779684
6.270587310,-1.227360000,0.953939090,90.000000000,90.000000000,-1.447613835
6.370587043,-1.227360000,0.954170377,-180.000000000,-90.000000000,-1.646776915
6.370587043,-1.227360000,0.954170377,-180.000000000,0.000000000,-2.165440321
6.370587043,-1.227360000,0.954170377,-180.000000000,90.000000000,-1.571962953
6.370587043,-1.227360000,0.954170377,-90.000000000,-90.000000000,-2.637230158
6.370587043,-1.227360000,0.954170377,-90.000000000,0.000000000,-2.159401178
6.370587043,-1.227360000,0.954170377,-90.000000000,90.000000000,-2.204014063
6.370587043,-1.227360000,0.954170377,0.000000000,-90.000000000,-2.075111151
6.370587043,-1.227360000,0.954170377,0.000000000,0.000000000,-2.056388617
6.370587043,-1.227360000,0.954170377,0.000000000,90.000000000,-1.316395760
6.370587043,-1.227360000,0.954170377,90.000000000,-90.000000000,-2.164355040
6.370587043,-1.227360000,0.954170377,90.000000000,0.000000000,-1.652133703
6.370587043,-1.227360000,0.954170377,90.000000000,90.000000000,-1.920426607
6.470586776,-1.227360000,0.954401664,-180.000000000,-90.000000000,-2.196425200
6.470586776,-1.227360000,0.954401664,-180.000000000,0.000000000,-2.364148617
6.470586776,-1.227360000,0.954401664,-180.000000000,90.000000000,-1.143051505
6.470586776,-1.227360000,0.954401664,-90.000000000,-90.000000000,-2.244397879
6.470586776,-1.227360000,0.954401664,-90.000000000,0.000000000,-2.557636261
6.470586776,-1.227360000,0.954401664,-90.000000000,90.000000000,-0.500647724
6.470586776,-1.227360000,0.954401664,0.000000000,-90.000000000,-2.410649776
6.470586776,-1.227360000,0.954401664,0.000000000,0.000000000,-1.743839145
6.470586776,-1.227360000,0.954401664,0.000000000,90.000000000,-1.093604207
6.470586776,-1.227360000,0.954401664,90.000000000,-90.000000000,-1.975365162
6.470586776,-1.227360000,0.954401664,90.000000000,0.000000000,-2.574483156
6.470586776,-1.227360000,0.954401664,90.000000000,90.000000000,-1.420847893
-0.729394000,-1.127360000,0.937749000,-180.000000000,-90.000000000,-1.591691017
-0.729394000,-1.127360000,0.937749000,-180.000000000,0.000000000,0.532784164
-0.729394000,-1.127360000,0.937749000,-180.000000000,90.000000000,-0.527095854
-0.729394000,-1.127360000,0.937749000,-90.000000000,-90.000000000,-1.394859791
-0.729394000,-1.127360000,0.937749000,-90.000000000,0.000000000,-1.541678548
-0.729394000,-1.127360000,0.937749000,-90.000000000,90.000000000,-0.123219229
-0.729394000,-1.127360000,0.937749000,0.000000000,-90.000000000,-1.605359793
-0.729394000,-1.127360000,0.937749000,0.000000000,0.000000000,-0.671056092
-0.729394000,-1.127360000,0.937749000,0.000000000,90.000000000,-0.825311303
-0.729394000,-1.127360000,0.937749000,90.000000000,-90.000000000,-1.801591039
-0.729394000,-1.127360000,0.937749000,90.000000000,0.000000000,-2.033993006
-0.729394000,-1.127360000,0.937749000,90.000000000,90.000000000,-1.223911881
-0.629394267,-1.127360000,0.937980287,-180.000000000,-90.000000000,-2.102647305
-0.629394267,-1.127360000,0.937980287,-180.000000000,0.000000000,-2.116126776
-0.629394267,-1.127360000,0.937980287,-180.000000000,90.000000000,-0.844587505
-0.629394267,-1.127360000,0.937980287,-90.000000000,-90.000000000,-2.111353159
-0.629394267,-1.127360000,0.937980287,-90.000000000,0.000000000,-2.359016895
-0.629394267,-1.127360000,0.937980287,-90.000000000,90.000000000,-1.309484005
-0.629394267,-1.127360000,0.937980287,0.000000000,-90.000000000,-1.828116179
-0.629394267,-1.127360000,0.937980287,0.000000000,0.000000000,-0.216728732
